mslp  mslp_lon  mslp_lat  max_wspd  vort_min  wc_temp  tc_id  tc_event  tc_number151561279180257e+01 -1.918759080581367016e-04 -2.005382668365643895e+01 1.000000000000000000e+00 nan nan
9.982843894488274236e+04 6.600000000000000000e+01 -1.500000000000000000e+01 2.254196938109448922e+01 -2.274491707794368267e-04 -1.966808337386135008e+01 1.000000000000000000e+00 nan nan
9.957393506897288898e+04 6.550000000000000000e+01 -1.500000000000000000e+01 2.289599630530489804e+01 -2.374201430939137936e-04 -1.906614439508808800e+01 1.000000000000000000e+00 nan nan
9.962832903460852685e+04 6.475000000000000000e+01 -1.525000000000000000e+01 2.497197151836147810e+01 -2.416313072899356484e-04 -1.883200717681712888e+01 1.000000000000000000e+00 nan nan
9.914015566870890325e+04 6.375000000000000000e+01 -1.550000000000000000e+01 2.602901276182244672e+01 -2.554385573603212833e-04 -1.798426897273262171e+01 1.000000000000000000e+00 nan nan
9.922386748279492895e+04 6.325000000000000000e+01 -1.550000000000000000e+01 2.729393458355643176e+01 -2.777002518996596336e-04 -1.862657643741462721e+01 1.000000000000000000e+00 nan nan
9.872683638395923481e+04 6.275000000000000000e+01 -1.575000000000000000e+01 2.793773443505650178e+01 -2.627042413223534822e-04 -1.795825372625805016e+01 1.000000000000000000e+00 nan nan
9.890473958349229360e+04 6.225000000000000000e+01 -1.600000000000000000e+01 2.696006577602704368e+01 -3.054305852856487036e-04 -1.801835791638892204e+01 1.000000000000000000e+00 nan nan
9.843091324981307844e+04 6.225000000000000000e+01 -1.575000000000000000e+01 2.903509191187950833e+01 -3.639152855612337589e-04 -1.785150150796593493e+01 1.000000000000000000e+00 nan nan
9.847994267296629550e+04 6.200000000000000000e+01 -1.575000000000000000e+01 2.870374286893524740e+01 -3.815301461145281792e-04 -1.724507714186947283e+01 1.000000000000000000e+00 nan nan
9.802620218439566088e+04 6.225000000000000000e+01 -1.625000000000000000e+01 3.096775134867227308e+01 -4.908926784992218018e-04 -1.692123217713454153e+01 1.000000000000000000e+00 nan nan
9.804541473189080716e+04 6.200000000000000000e+01 -1.675000000000000000e+01 3.032521137946477197e+01 -5.164276808500289917e-04 -1.701901362078025670e+01 1.000000000000000000e+00 nan nan
9.757632915668442729e+04 6.175000000000000000e+01 -1.725000000000000000e+01 2.928706837039225519e+01 -4.410558321978896856e-04 -1.682075950109489781e+01 1.000000000000000000e+00 nan nan
9.769110541444769478e+04 6.125000000000000000e+01 -1.750000000000000000e+01 2.972959786017057127e+01 -5.182854947634041309e-04 -1.653997425466266691e+01 1.000000000000000000e+00 nan nan
9.742537342636534595e+04 6.075000000000000000e+01 -1.775000000000000000e+01 3.008961339075535335e+01 -5.294668371789157391e-04 -1.639105939553247993e+01 1.000000000000000000e+00 nan nan
9.753253951921169937e+04 6.050000000000000000e+01 -1.775000000000000000e+01 3.368405757143968060e+01 -4.984565312042832375e-04 -1.671490436026739701e+01 1.000000000000000000e+00 nan nan
9.713980510677826533e+04 6.050000000000000000e+01 -1.800000000000000000e+01 3.298482289906680620e+01 -5.310311680659651756e-04 -1.701632238838635658e+01 1.000000000000000000e+00 nan nan
9.720442913017106184e+04 6.075000000000000000e+01 -1.800000000000000000e+01 3.262323668110101238e+01 -4.332825774326920509e-04 -1.660456383211671039e+01 1.000000000000000000e+00 nan nan
9.688168328361284512e+04 6.075000000000000000e+01 -1.850000000000000000e+01 3.149690191154904184e+01 -6.282039103098213673e-04 -1.693020295178094159e+01 1.000000000000000000e+00 nan nan
9.671475868264844758e+04 6.075000000000000000e+01 -1.925000000000000000e+01 3.308813324705702996e+01 -4.763400647789239883e-04 -1.650409115607706667e+01 1.000000000000000000e+00 nan nan
9.629482728739720187e+04 6.100000000000000000e+01 -1.975000000000000000e+01 3.580569935211700283e+01 -5.753340665251016617e-04 -1.606093488854504869e+01 1.000000000000000000e+00 nan nan
9.621223828452841553e+04 6.100000000000000000e+01 -2.100000000000000000e+01 3.975700102668530889e+01 -5.643416661769151688e-04 -1.555677735341754442e+01 1.000000000000000000e+00 nan nan
9.597956684895396756e+04 6.075000000000000000e+01 -2.250000000000000000e+01 3.874027601658637820e+01 -7.334562251344323158e-04 -1.527868333937924206e+01 1.000000000000000000e+00 nan nan
9.589847492770818644e+04 6.100000000000000000e+01 -2.400000000000000000e+01 4.233094055039300940e+01 -6.788502214476466179e-04 -1.454128566344537887e+01 1.000000000000000000e+00 nan nan
9.550087500000000000e+04 6.100000000000000000e+01 -2.600000000000000000e+01 4.057466463455916994e+01 -6.230552680790424347e-04 -1.393665545227820246e+01 1.000000000000000000e+00 nan nan
9.611118527497597097e+04 6.175000000000000000e+01 -2.850000000000000000e+01 3.826152074541215597e+01 -7.340314332395792007e-04 -1.499072147322986837e+01 1.000000000000000000e+00 nan nan
9.638789586162698106e+04 6.200000000000000000e+01 -3.175000000000000000e+01 3.912705988040344351e+01 -5.609384970739483833e-04 -1.477631995918099506e+01 1.000000000000000000e+00 nan nan
9.705260010223857535e+04 6.200000000000000000e+01 -3.475000000000000000e+01 3.391114718918959170e+01 -4.778184811584651470e-04 -1.565186756466933105e+01 1.000000000000000000e+00 nan nan
9.729600062277785037e+04 6.200000000000000000e+01 -3.675000000000000000e+01 3.059135734828416631e+01 -3.590326232369989157e-04 -1.680820041658995478e+01 1.000000000000000000e+00 nan nan
9.751781821658553963e+04 6.300000000000000000e+01 -3.825000000000000000e+01 2.760764527440480265e+01 -4.898553015664219856e-04 -1.643681034622910886e+01 0.000000000000000000e+00 nan nan
9.758418883520517556e+04 6.550000000000000000e+01 -4.000000000000000000e+01 2.764796150776684414e+01 -2.971291542053222656e-04 -1.715985478272870068e+01 0.000000000000000000e+00 nan nan
9.884448204816658108e+04 6.900000000000000000e+01 -4.000000000000000000e+01 2.961211800187370002e+01 -1.720730651868507266e-04 -1.959093471190233515e+01 0.000000000000000000e+00 nan nan
1.000339133976393641e+05 7.700000000000000000e+01 -1.600000000000000000e+01 2.358484111424881036e+01 -1.896340982057154179e-04 -2.003050266957578174e+01 1.000000000000000000e+00 nan nan
1.002965264656737854e+05 7.650000000000000000e+01 -1.650000000000000000e+01 2.188400001928777883e+01 -1.519375073257833719e-04 -2.037946580332062751e+01 1.000000000000000000e+00 nan nan
1.000687205453740899e+05 7.550000000000000000e+01 -1.700000000000000000e+01 2.187140119636213953e+01 -1.641065609874203801e-04 -2.002422312732331022e+01 1.000000000000000000e+00 nan nan
1.003178598788015224e+05 7.450000000000000000e+01 -1.725000000000000000e+01 2.358610099654137571e+01 -1.781026658136397600e-04 -2.066383935961142981e+01 1.000000000000000000e+00 nan nan
1.000452662666137767e+05 7.375000000000000000e+01 -1.750000000000000000e+01 2.160934567950888407e+01 -2.304283698322251439e-04 -2.058669069765241488e+01 1.000000000000000000e+00 nan nan
1.002242922773640894e+05 7.275000000000000000e+01 -1.775000000000000000e+01 2.167611944101475885e+01 -1.704948954284191132e-04 -2.060911763426840082e+01 1.000000000000000000e+00 nan nan
1.000260537191186158e+05 7.150000000000000000e+01 -1.750000000000000000e+01 2.293096220440823529e+01 -2.445587306283414364e-04 -2.022965386672581189e+01 1.000000000000000000e+00 nan nan
9.979749925800741767e+04 7.100000000000000000e+01 -1.700000000000000000e+01 2.461668471185850748e+01 -3.124071517959237099e-04 -1.982238069777936573e+01 1.000000000000000000e+00 nan nan
9.952253526658326155e+04 7.050000000000000000e+01 -1.725000000000000000e+01 2.512315739346912480e+01 -3.159822663292288780e-04 -1.961156749358903539e+01 1.000000000000000000e+00 nan nan
9.958878112840096583e+04 6.975000000000000000e+01 -1.750000000000000000e+01 2.527843372054291748e+01 -3.605104284361004829e-04 -2.024041879630148344e+01 1.000000000000000000e+00 nan nan
9.959115150763737620e+04 6.900000000000000000e+01 -1.775000000000000000e+01 2.214888610581460426e+01 -2.774604945443570614e-04 -2.023593340897828341e+01 1.000000000000000000e+00 nan nan
9.985663398211589083e+04 6.850000000000000000e+01 -1.800000000000000000e+01 2.545985677067209352e+01 -2.589661744423210621e-04 -2.047096770471389959e+01 1.000000000000000000e+00 nan nan
9.979026336349625490e+04 6.750000000000000000e+01 -1.800000000000000000e+01 2.501133867451940418e+01 -2.545573224779218435e-04 -2.055888129624858607e+01 1.000000000000000000e+00 nan nan
9.994745693391116220e+04 6.800000000000000000e+01 -1.850000000000000000e+01 2.553796947281104224e+01 -2.434589259792119265e-04 -2.065576566242968681e+01 1.000000000000000000e+00 nan nan
9.972975631456670817e+04 6.775000000000000000e+01 -1.950000000000000000e+01 2.757267937530147250e+01 -3.385976888239383698e-04 -1.877549129654481419e+01 1.000000000000000000e+00 nan nan
9.987671982722445682e+04 6.650000000000000000e+01 -1.975000000000000000e+01 2.549513347486388071e+01 -3.002980956807732582e-04 -1.945547601474174826e+01 1.000000000000000000e+00 nan nan
9.981633753509682720e+04 6.625000000000000000e+01 -2.025000000000000000e+01 2.364310650479519182e+01 -2.695555158425122499e-04 -2.038664242303775609e+01 1.000000000000000000e+00 nan nan
9.999810819548930158e+04 6.575000000000000000e+01 -2.100000000000000000e+01 2.258858502591934680e+01 -2.486988669261336327e-04 -2.036062717656319876e+01 1.000000000000000000e+00 nan nan
1.000883073632750020e+05 6.550000000000000000e+01 -2.150000000000000000e+01 1.969841504677814825e+01 -2.647907240316271782e-04 -2.060642640187448649e+01 1.000000000000000000e+00 nan nan
1.002206743301085080e+05 6.500000000000000000e+01 -2.250000000000000000e+01 2.445069105432854073e+01 -3.167040122207254171e-04 -2.061808840891480088e+01 1.000000000000000000e+00 nan nan
1.002044559458593430e+05 6.450000000000000000e+01 -2.300000000000000000e+01 2.277630748751134249e+01 -2.399876830168068409e-04 -2.063513288074295815e+01 1.000000000000000000e+00 nan nan
1.004797942076892650e+05 6.400000000000000000e+01 -2.375000000000000000e+01 2.170666742112473813e+01 -2.770689607132226229e-04 -2.077776819762065941e+01 1.000000000000000000e+00 nan nan
1.004870301022004278e+05 6.375000000000000000e+01 -2.475000000000000000e+01 2.086884569656985633e+01 -2.972537768073379993e-04 -2.056964622582425761e+01 0.000000000000000000e+00 nan nan
1.007557562535287580e+05 8.825000000000000000e+01 -1.200000000000000000e+01 2.014189361376058329e+01 -1.598304661456495523e-04 -2.155553435946330865e+01 0.000000000000000000e+00 nan nan
1.005204649251140654e+05 8.725000000000000000e+01 -1.225000000000000000e+01 2.202919728802104871e+01 -1.586516300449147820e-04 -2.124066016937476320e+01 0.000000000000000000e+00 nan nan
1.005099853537530726e+05 6.050000000000000000e+01 -3.400000000000000000e+01 2.221786882681716691e+01 -2.259193861391395330e-04 -2.339992562676256682e+01 0.000000000000000000e+00 nan nan
1.003230996644820261e+05 8.550000000000000000e+01 -1.325000000000000000e+01 2.023008537424004416e+01 -2.019220555666834116e-04 -2.115633488769863391e+01 0.000000000000000000e+00 nan nan
1.004345074885935464e+05 8.475000000000000000e+01 -1.350000000000000000e+01 1.905335531298551999e+01 -2.244226052425801754e-04 -2.143622305666622196e+01 0.000000000000000000e+00 nan nan
1.000260537191186158e+05 8.400000000000000000e+01 -1.375000000000000000e+01 1.921714001101880598e+01 -2.590848598629236221e-04 -2.117517351445606266e+01 1.000000000000000000e+00 nan nan
1.001833720463354402e+05 8.350000000000000000e+01 -1.400000000000000000e+01 1.871066732940818511e+01 -2.464322024025022984e-04 -2.067460428918711557e+01 1.000000000000000000e+00 nan nan
9.996766753582165984e+04 8.350000000000000000e+01 -1.450000000000000000e+01 1.928864249660649222e+01 -3.045655903406441212e-04 -2.008791562731273928e+01 1.000000000000000000e+00 nan nan
9.997390537591748580e+04 8.325000000000000000e+01 -1.475000000000000000e+01 2.118759591658847796e+01 -3.008807252626866102e-04 -2.040637812725982769e+01 1.000000000000000000e+00 nan nan
9.977990854893717915e+04 8.300000000000000000e+01 -1.550000000000000000e+01 2.219298198605433825e+01 -3.423604648560285568e-04 -2.018569707095846866e+01 1.000000000000000000e+00 nan nan
9.985863009094654990e+04 8.275000000000000000e+01 -1.575000000000000000e+01 2.442549340847726569e+01 -3.250611771363765001e-04 -2.021709478222086886e+01 1.000000000000000000e+00 nan nan
9.972114809523447184e+04 8.250000000000000000e+01 -1.600000000000000000e+01 2.382956908409462216e+01 -2.789559075608849525e-04 -2.008970978224201076e+01 1.000000000000000000e+00 nan nan
9.988794793939695228e+04 8.225000000000000000e+01 -1.625000000000000000e+01 2.523937736947344135e+01 -3.354870132170617580e-04 -2.029783175403841256e+01 1.000000000000000000e+00 nan nan
9.958566220835305285e+04 8.175000000000000000e+01 -1.675000000000000000e+01 2.706368692910572094e+01 -3.482127794995903969e-04 -2.036242133149247024e+01 1.000000000000000000e+00 nan nan
9.964005617398869072e+04 8.075000000000000000e+01 -1.700000000000000000e+01 2.757771890447172325e+01 -3.392707440070807934e-04 -2.012559288082761100e+01 1.000000000000000000e+00 nan nan
9.923646791978851252e+04 7.975000000000000000e+01 -1.750000000000000000e+01 2.987196455923027472e+01 -4.179057723376899958e-04 -1.916571999366310308e+01 1.000000000000000000e+00 nan nan
9.930021864556788933e+04 7.900000000000000000e+01 -1.800000000000000000e+01 3.041497382732524457e+01 -3.734800557140260935e-04 -1.878894745851442849e+01 1.000000000000000000e+00 nan nan
9.906093509949186409e+04 7.825000000000000000e+01 -1.850000000000000000e+01 3.241440702562388765e+01 -4.531791200861334801e-04 -1.856019270503128382e+01 1.000000000000000000e+00 nan nan
9.922561407802176836e+04 7.775000000000000000e+01 -1.875000000000000000e+01 3.084711345367460211e+01 -3.980401961598545313e-04 -1.793762094457132150e+01 1.000000000000000000e+00 nan nan
9.911607760593900457e+04 7.725000000000000000e+01 -1.925000000000000000e+01 2.954565504545627164e+01 -4.270098288543522358e-04 -1.827940745859906713e+01 1.000000000000000000e+00 nan nan
9.937881543077534297e+04 7.675000000000000000e+01 -1.950000000000000000e+01 2.938564999430067815e+01 -4.277231637388467789e-04 -1.890377337398830093e+01 1.000000000000000000e+00 nan nan
9.938954451574017003e+04 7.625000000000000000e+01 -2.000000000000000000e+01 2.667816294758121742e+01 -3.071498940698802471e-04 -1.954159545134713483e+01 1.000000000000000000e+00 nan nan
9.953401289235957665e+04 7.575000000000000000e+01 -2.075000000000000000e+01 3.119610084871476019e+01 -3.766308363992720842e-04 -1.826684837409410989e+01 1.000000000000000000e+00 nan nan
9.934525585105977370e+04 7.525000000000000000e+01 -2.100000000000000000e+01 2.829963145811073844e+01 -3.510123642627149820e-04 -1.915674921901668881e+01 1.000000000000000000e+00 nan nan
9.961522957040728943e+04 7.475000000000000000e+01 -2.100000000000000000e+01 2.753740267110968531e+01 -3.124534268863499165e-04 -1.996232478226318108e+01 1.000000000000000000e+00 nan nan
9.975420864774237270e+04 7.400000000000000000e+01 -2.100000000000000000e+01 2.311899547108868092e+01 -2.619009756017476320e-04 -2.114826119051689091e+01 0.000000000000000000e+00 nan nan
1.000443929690003570e+05 7.350000000000000000e+01 -2.125000000000000000e+01 2.280654466253287183e+01 -2.903901913668960333e-04 -2.173046446506805296e+01 0.000000000000000000e+00 nan nan
1.000740850878565107e+05 7.325000000000000000e+01 -2.200000000000000000e+01 2.046316359836433207e+01 -2.419251250103116035e-04 -2.191974781010702600e+01 0.000000000000000000e+00 nan nan
1.002165573556452582e+05 7.275000000000000000e+01 -2.250000000000000000e+01 2.495212420676890375e+01 -3.548954555299133062e-04 -2.255129034521338838e+01 0.000000000000000000e+00 nan nan
1.001708963661437883e+05 7.300000000000000000e+01 -2.300000000000000000e+01 1.890468920246300044e+01 -2.353817108087241650e-04 -2.253424587338524532e+01 0.000000000000000000e+00 nan nan
9.998638105610913772e+04 9.000000000000000000e+01 -2.300000000000000000e+01 2.035576279840797298e+01 -3.558759053703397512e-04 -2.018210876109989727e+01 1.000000000000000000e+00 nan nan
9.986461841743855621e+04 9.000000000000000000e+01 -2.400000000000000000e+01 1.931761978933545976e+01 -3.484717453829944134e-04 -1.964924474710392133e+01 1.000000000000000000e+00 nan nan
1.000432701577831031e+05 9.000000000000000000e+01 -2.525000000000000000e+01 2.013528339720932081e+01 -3.569548134692013264e-04 -2.045482031035038517e+01 1.000000000000000000e+00 nan nan
1.004290181893092085e+05 9.000000000000000000e+01 -2.600000000000000000e+01 1.815222866871400598e+01 -3.222979139536619186e-04 -2.170893460591669566e+01 0.000000000000000000e+00 nan nan
1.002240427637602552e+05 3.825000000000000000e+01 -4.000000000000000000e+01 1.805521773218660186e+01 -9.301261161454021931e-05 -3.055053009740571213e+01 0.000000000000000000e+00 nan nan
1.004407453286893724e+05 4.125000000000000000e+01 -4.000000000000000000e+01 1.525575927810999133e+01 -9.000807767733931541e-05 -3.063664953401112712e+01 0.000000000000000000e+00 nan nan
1.007399121396853589e+05 4.425000000000000000e+01 -4.000000000000000000e+01 1.490834257045084676e+01 -7.476901373593136668e-05 -3.064203199879898420e+01 0.000000000000000000e+00 nan nan
1.008354758499534655e+05 4.675000000000000000e+01 -4.000000000000000000e+01 1.576002300022392788e+01 -7.410623948089778423e-05 -3.071379819597015626e+01 0.000000000000000000e+00 nan nan
1.010541745237132563e+05 4.900000000000000000e+01 -4.000000000000000000e+01 1.863633427414692534e+01 -6.981970363995060325e-05 -3.039623277348768227e+01 0.000000000000000000e+00 nan nan
1.009236789089084923e+05 6.725000000000000000e+01 -2.250000000000000000e+00 1.963038140297970813e+01 -8.813769090920686722e-05 -2.163088886649302367e+01 0.000000000000000000e+00 nan nan
1.010652778790838202e+05 3.125000000000000000e+01 -1.600000000000000000e+01 2.084238816842601949e+01 -5.094000516692176461e-05 -2.286706161276657667e+01 0.000000000000000000e+00 nan nan
1.009000998733462620e+05 4.625000000000000000e+01 -6.250000000000000000e+00 2.187045211915802057e+01 -9.727248107083141804e-05 -2.247234752832508775e+01 0.000000000000000000e+00 nan nan
1.011039524876779760e+05 9.000000000000000000e+01 -3.500000000000000000e+00 2.115483897698182147e+01 -8.252046245615929365e-05 -2.188745302137999715e+01 0.000000000000000000e+00 nan nan
1.007420330053179350e+05 4.150000000000000000e+01 0.000000000000000000e+00 1.876358238569586234e+01 -1.087735654436983168e-04 -2.142276689469663609e+01 0.000000000000000000e+00 nan nan
1.008591796423176129e+05 3.125000000000000000e+01 -1.600000000000000000e+01 2.062316864951992557e+01 -8.289807010442018509e-05 -2.338467530986366683e+01 0.000000000000000000e+00 nan nan
1.008062827583049802e+05 7.625000000000000000e+01 0.000000000000000000e+00 1.715849234496966957e+01 -6.764978752471506596e-05 -2.246606798607260203e+01 0.000000000000000000e+00 nan nan
1.009733321160712949e+05 3.725000000000000000e+01 -2.475000000000000000e+01 1.817395747277603490e+01 -1.761045423336327076e-04 -2.598081749253101691e+01 0.000000000000000000e+00 nan nan
1.005350614709383080e+05 4.075000000000000000e+01 -7.500000000000000000e-01 1.729581951485911517e+01 -6.914479308761656284e-05 -2.146313538060542214e+01 0.000000000000000000e+00 nan nan
1.007975497821708268e+05 3.125000000000000000e+01 -1.600000000000000000e+01 1.932800965276441119e+01 -8.379707287531346083e-05 -2.282310481699921922e+01 0.000000000000000000e+00 nan nan
1.006595687592510658e+05 4.775000000000000000e+01 -2.750000000000000000e+01 1.996928973967935406e+01 -1.387684751534834504e-04 -2.693710206983695343e+01 0.000000000000000000e+00 nan nan
1.001453212217508844e+05 3.000000000000000000e+01 -4.000000000000000000e+01 2.329411910975503730e+01 -2.263815840706229210e-04 -3.186743981549682303e+01 0.000000000000000000e+00 nan nan
9.990666145968444471e+04 3.325000000000000000e+01 -4.000000000000000000e+01 2.507811243602527895e+01 -8.697211742401123047e-04 -3.168174478031639296e+01 0.000000000000000000e+00 nan nan
9.995219769238399749e+04 3.650000000000000000e+01 -4.000000000000000000e+01 2.737235809078383397e+01 -3.952020779252052307e-04 -3.269903062521782999e+01 0.000000000000000000e+00 nan nan
1.001055238019394892e+05 5.025000000000000000e+01 -3.175000000000000000e+01 2.641358766614283837e+01 -1.813799608498811722e-04 -2.683304108393875254e+01 0.000000000000000000e+00 nan nan
1.002705770508751448e+05 5.125000000000000000e+01 -3.200000000000000000e+01 2.776670124835628073e+01 -1.596634538145735860e-04 -2.697657347828109664e+01 0.000000000000000000e+00 nan nan
1.002227951957410842e+05 5.250000000000000000e+01 -3.250000000000000000e+01 2.619184838265161730e+01 -1.385430805385112762e-04 -2.638181111922496314e+01 0.000000000000000000e+00 nan nan
1.004861568045870081e+05 5.450000000000000000e+01 -3.375000000000000000e+01 2.608097874090601209e+01 -1.205163862323388457e-04 -2.706448706981579733e+01 0.000000000000000000e+00 nan nan
1.000181940405978676e+05 3.850000000000000000e+01 -4.000000000000000000e+01 2.569797452396663573e+01 -1.508647401351481676e-04 -2.921119344269862950e+01 0.000000000000000000e+00 nan nan
9.940888182003723341e+04 4.025000000000000000e+01 -4.000000000000000000e+01 2.652162673821486649e+01 -2.973472583107650280e-04 -2.918069280890087214e+01 0.000000000000000000e+00 nan nan
9.925380911525491683e+04 4.500000000000000000e+01 -4.000000000000000000e+01 2.792387572983829713e+01 -1.718064740998670459e-04 -2.936369661168737366e+01 0.000000000000000000e+00 nan nan
9.939578235583599599e+04 4.950000000000000000e+01 -4.000000000000000000e+01 2.481322634949844996e+01 -1.423701323801651597e-04 -2.797950608374829073e+01 0.000000000000000000e+00 nan nan
1.000229347990707029e+05 5.400000000000000000e+01 -4.000000000000000000e+01 2.461416494727338033e+01 -8.541918941773474216e-05 -2.860476907660216739e+01 0.000000000000000000e+00 nan nan
1.005692448346634628e+05 5.300000000000000000e+01 -4.000000000000000000e+01 2.354200511630164527e+01 -8.772847650106996298e-05 -2.944084527364640280e+01 0.000000000000000000e+00 nan nan
1.008011677294264082e+05 3.600000000000000000e+01 -2.500000000000000000e+00 2.062411772672404453e+01 -1.231417118106037378e-04 -2.168022812704822400e+01 0.000000000000000000e+00 nan nan
1.009843107146399561e+05 4.450000000000000000e+01 0.000000000000000000e+00 1.748827070053292232e+01 -5.173802856006659567e-05 -2.213235516922662782e+01 0.000000000000000000e+00 nan nan
1.008313588754902157e+05 6.975000000000000000e+01 -5.750000000000000000e+00 1.502551162365927162e+01 -4.710938810603693128e-05 -2.202470587346985553e+01 0.000000000000000000e+00 nan nan
1.009680923303908057e+05 3.000000000000000000e+01 -3.425000000000000000e+01 1.536316007806635220e+01 -9.589761612005531788e-05 -2.888914263289295548e+01 0.000000000000000000e+00 nan nan
1.007004889902797149e+05 3.000000000000000000e+01 -3.700000000000000000e+01 1.600318028268872794e+01 -7.303786696866154671e-05 -3.022937636506470938e+01 0.000000000000000000e+00 nan nan
1.005545235320373031e+05 3.375000000000000000e+01 -3.800000000000000000e+01 1.565293300535601162e+01 -1.009398838505148888e-04 -2.994051742145072126e+01 0.000000000000000000e+00 nan nan
9.950844697900295432e+04 3.825000000000000000e+01 -2.550000000000000000e+01 2.424788247822488074e+01 -2.945841115433722734e-04 -2.017080837522934189e+01 1.000000000000000000e+00 nan nan
9.948952584384966758e+04 3.850000000000000000e+01 -2.600000000000000000e+01 2.093005189691848500e+01 -2.996994589921087027e-04 -1.994138263504881081e+01 1.000000000000000000e+00 nan nan
9.947359688820899464e+04 3.850000000000000000e+01 -2.650000000000000000e+01 2.202553423783460929e+01 -3.384696028660982847e-04 -1.952961479539646916e+01 1.000000000000000000e+00 nan nan
9.969396210878489364e+04 3.875000000000000000e+01 -2.650000000000000000e+01 2.090357201938514820e+01 -3.028166829608380795e-04 -2.000558759965157662e+01 1.000000000000000000e+00 nan nan
9.955051350273907883e+04 3.825000000000000000e+01 -2.675000000000000000e+01 2.492164825101751546e+01 -3.153390716761350632e-04 -2.021275561876981897e+01 1.000000000000000000e+00 nan nan
9.961088512467002147e+04 3.775000000000000000e+01 -2.750000000000000000e+01 2.742448704602015752e+01 -3.747853043023496866e-04 -2.018108116956578613e+01 1.000000000000000000e+00 nan nan
9.941252122403979592e+04 3.775000000000000000e+01 -2.850000000000000000e+01 2.426259352129895319e+01 -3.543588682077825069e-04 -1.971709329203653738e+01 1.000000000000000000e+00 nan nan
9.930260262959120155e+04 3.725000000000000000e+01 -2.975000000000000000e+01 2.781089711076585402e+01 -3.525117645040154457e-04 -1.968627490902719046e+01 1.000000000000000000e+00 nan nan
9.913803275639754429e+04 3.700000000000000000e+01 -3.150000000000000000e+01 2.811492533429674623e+01 -4.706305917352437973e-04 -1.967428998230136017e+01 1.000000000000000000e+00 nan nan
9.908364549349182926e+04 3.750000000000000000e+01 -3.350000000000000000e+01 2.826497797365231079e+01 -4.371663671918213367e-04 -1.978129825663927477e+01 1.000000000000000000e+00 nan nan
9.859495217485846661e+04 3.850000000000000000e+01 -3.550000000000000000e+01 2.778213466616379179e+01 -5.715755978599190712e-04 -1.895262618016636225e+01 1.000000000000000000e+00 nan nan
9.875635385797994968e+04 4.000000000000000000e+01 -3.825000000000000000e+01 2.738787871177857980e+01 -4.397549782879650593e-04 -1.948509935327189169e+01 1.000000000000000000e+00 nan nan
9.958571561465215927e+04 4.250000000000000000e+01 -4.000000000000000000e+01 2.885309860195645015e+01 -2.858955704141408205e-04 -2.201306282623113475e+01 1.000000000000000000e+00 nan nan
1.006691486140570487e+05 3.925000000000000000e+01 -4.000000000000000000e+01 1.921148097120765996e+01 -1.686592004261910915e-04 -2.565733661708362945e+01 1.000000000000000000e+00 nan nan
1.012711047277707403e+05 4.025000000000000000e+01 -4.000000000000000000e+01 1.759620844167421794e+01 -2.280110493302345276e-04 -2.572667797885462448e+01 1.000000000000000000e+00 nan nan
1.018016005543008941e+05 4.375000000000000000e+01 -4.000000000000000000e+01 1.931085642256529056e+01 -2.613725955598056316e-04 -2.629424986594298730e+01 1.000000000000000000e+00 nan nan
1.019166234549768851e+05 4.400000000000000000e+01 -3.600000000000000000e+01 1.960801949266160449e+01 -5.698384484276175499e-05 -2.526012190274124691e+01 1.000000000000000000e+00 nan nan
1.019468972712221439e+05 4.000000000000000000e+01 -3.200000000000000000e+01 1.989831740932335435e+01 -5.881863035028800368e-05 -2.468570148609522619e+01 0.000000000000000000e+00 nan nan
1.006098330554834974e+05 3.625000000000000000e+01 -2.000000000000000000e+00 2.257638689035109536e+01 -9.914422844303771853e-05 -2.272102956925085948e+01 0.000000000000000000e+00 nan nan
1.007162314387407969e+05 3.600000000000000000e+01 -2.250000000000000000e+00 2.029617521386945711e+01 -9.283475810661911964e-05 -2.209353304853324573e+01 0.000000000000000000e+00 nan nan
1.006766290628385759e+05 4.100000000000000000e+01 -1.350000000000000000e+01 1.858413089470597868e+01 -1.760116429068148136e-04 -2.161584811188875221e+01 1.000000000000000000e+00 nan nan
1.008361826350846241e+05 4.075000000000000000e+01 -1.350000000000000000e+01 1.900748784058048457e+01 -1.949086436070501804e-04 -2.155849167684360168e+01 1.000000000000000000e+00 nan nan
1.007039987048509938e+05 4.000000000000000000e+01 -1.375000000000000000e+01 2.218605388078563578e+01 -2.322842483408749104e-04 -2.116641335966943416e+01 1.000000000000000000e+00 nan nan
1.009206677036760084e+05 3.925000000000000000e+01 -1.375000000000000000e+01 2.066787423554108827e+01 -2.290636184625327587e-04 -2.172028818764255220e+01 1.000000000000000000e+00 nan nan
1.007981643542184902e+05 3.900000000000000000e+01 -1.350000000000000000e+01 2.010983533493117648e+01 -2.069240144919604063e-04 -2.205072973879806852e+01 1.000000000000000000e+00 nan nan
1.010108731154532870e+05 3.875000000000000000e+01 -1.400000000000000000e+01 1.931641974513605930e+01 -1.712902594590559602e-04 -2.233751191402373593e+01 1.000000000000000000e+00 nan nan
1.008263260437489516e+05 3.825000000000000000e+01 -1.425000000000000000e+01 1.625652278572844978e+01 -1.440474006813019514e-04 -2.172799278339488183e+01 1.000000000000000000e+00 nan nan
1.010926300203714200e+05 3.775000000000000000e+01 -1.450000000000000000e+01 1.873026058924179438e+01 -1.538507931400090456e-04 -2.195056999401778342e+01 1.000000000000000000e+00 nan nan
1.010219617807059112e+05 3.725000000000000000e+01 -1.575000000000000000e+01 1.686784253606389328e+01 -1.716120896162465215e-04 -2.228957220712034371e+01 1.000000000000000000e+00 nan nan
1.011946281396395789e+05 3.700000000000000000e+01 -1.625000000000000000e+01 1.802577089943720878e+01 -1.273488451261073351e-04 -2.267737019332099635e+01 1.000000000000000000e+00 nan nan
1.008712087364381296e+05 3.700000000000000000e+01 -1.675000000000000000e+01 1.598289738455065212e+01 -1.906020333990454674e-04 -2.212691963012669305e+01 1.000000000000000000e+00 nan nan
1.009080829486670846e+05 3.675000000000000000e+01 -1.725000000000000000e+01 1.712087247693798275e+01 -1.904226228361949325e-04 -2.216287441030422656e+01 1.000000000000000000e+00 nan nan
1.007384087692460307e+05 3.625000000000000000e+01 -1.750000000000000000e+01 1.545656313715762487e+01 -2.445073623675853014e-04 -2.202932808393050834e+01 1.000000000000000000e+00 nan nan
1.010759090172127035e+05 3.600000000000000000e+01 -1.775000000000000000e+01 1.507309528102673291e+01 -2.045980509137734771e-04 -2.220738985242881824e+01 1.000000000000000000e+00 nan nan
1.008662804407703079e+05 3.425000000000000000e+01 -1.675000000000000000e+01 1.615975099609840981e+01 -1.514462346676737070e-04 -2.233151945066080657e+01 1.000000000000000000e+00 nan nan
1.009773431038560811e+05 3.525000000000000000e+01 -1.775000000000000000e+01 1.765635444483431371e+01 -1.166139336419291794e-04 -2.255923305845190896e+01 1.000000000000000000e+00 nan nan
1.009000744682068616e+05 3.600000000000000000e+01 -1.775000000000000000e+01 1.621761443218977305e+01 -1.443852816009894013e-04 -2.264398361172757745e+01 1.000000000000000000e+00 nan nan
1.010622681988463883e+05 3.575000000000000000e+01 -1.775000000000000000e+01 1.572496376265186946e+01 -2.012265904340893030e-04 -2.240599720960000241e+01 1.000000000000000000e+00 nan nan
1.007655143954191008e+05 3.500000000000000000e+01 -1.750000000000000000e+01 1.619113455465643980e+01 -1.544717233628034592e-04 -2.195228212640718368e+01 1.000000000000000000e+00 nan nan
1.009130992496147082e+05 3.675000000000000000e+01 -1.775000000000000000e+01 1.721862500277295993e+01 -1.243024016730487347e-04 -2.222793544110167829e+01 0.000000000000000000e+00 nan nan
1.006117691716387199e+05 3.700000000000000000e+01 -4.000000000000000000e+01 1.797967629780510990e+01 -1.026995014399290085e-04 -2.885645598669037781e+01 0.000000000000000000e+00 nan nan
1.006454751937955007e+05 3.400000000000000000e+01 -4.000000000000000000e+01 1.850142795883230207e+01 -1.032061991281807423e-04 -2.920059459696113890e+01 0.000000000000000000e+00 nan nan
1.005613421463232371e+05 3.800000000000000000e+01 -4.000000000000000000e+01 2.094836479015345532e+01 -7.607652514707297087e-05 -2.942745213855755537e+01 0.000000000000000000e+00 nan nan
1.006355305971800553e+05 4.175000000000000000e+01 -4.000000000000000000e+01 2.187123755900042710e+01 -5.462033732328563929e-05 -2.895233540049714804e+01 0.000000000000000000e+00 nan nan
1.006966062613492541e+05 4.125000000000000000e+01 -4.000000000000000000e+01 2.144461730985225145e+01 -7.134389306884258986e-05 -3.051123194105210246e+01 0.000000000000000000e+00 nan nan
1.005839595032273937e+05 4.300000000000000000e+01 -4.000000000000000000e+01 2.103074663136827738e+01 -9.991160186473280191e-05 -3.102059132690064303e+01 0.000000000000000000e+00 nan nan
1.004161334346817748e+05 4.275000000000000000e+01 -4.000000000000000000e+01 2.391803401870673795e+01 -1.286359911318868399e-04 -3.122690327982417102e+01 0.000000000000000000e+00 nan nan
1.000864656566157500e+05 4.500000000000000000e+01 -4.000000000000000000e+01 2.321876910458570009e+01 -1.472933072363957763e-04 -3.102487165787415790e+01 0.000000000000000000e+00 nan nan
9.964247902011200495e+04 4.650000000000000000e+01 -4.000000000000000000e+01 2.482325353586482208e+01 -1.795618591131642461e-04 -3.048212569043217002e+01 0.000000000000000000e+00 nan nan
9.967433693139335082e+04 4.975000000000000000e+01 -4.000000000000000000e+01 2.378857683965487979e+01 -1.634397631278261542e-04 -3.072867275450677482e+01 0.000000000000000000e+00 nan nan
1.001003704908214277e+05 5.225000000000000000e+01 -4.000000000000000000e+01 2.273232394693629388e+01 -1.130930177168920636e-04 -2.992910692865376632e+01 0.000000000000000000e+00 nan nan
1.007282001567912375e+05 5.500000000000000000e+01 -4.000000000000000000e+01 2.002647275751141720e+01 -8.016214997041970491e-05 -2.988801575130800359e+01 0.000000000000000000e+00 nan nan
1.008678645358063950e+05 7.350000000000000000e+01 -1.000000000000000000e+01 1.851319679329156287e+01 -7.353708497248589993e-05 -2.152852936002898332e+01 0.000000000000000000e+00 nan nan
1.010082329570598085e+05 8.825000000000000000e+01 -5.500000000000000000e+00 1.815652990935286581e+01 -6.763424607925117016e-05 -2.256693765420425279e+01 0.000000000000000000e+00 nan nan
1.007979003383791423e+05 3.600000000000000000e+01 -2.250000000000000000e+00 1.798392033728372041e+01 -1.203616047860123217e-04 -2.232295878871377681e+01 0.000000000000000000e+00 nan nan
1.009156514027283993e+05 3.600000000000000000e+01 -2.500000000000000000e+00 1.684724707576018687e+01 -1.323995966231450438e-04 -2.257806651473539716e+01 0.000000000000000000e+00 nan nan
1.009041227110768668e+05 8.800000000000000000e+01 -3.000000000000000000e+00 1.883814157178501247e+01 -6.779778050258755684e-05 -2.242140640110464744e+01 0.000000000000000000e+00 nan nan
1.010071768937024171e+05 8.950000000000000000e+01 -5.000000000000000000e+00 1.905978795410107551e+01 -1.386723597534000874e-04 -2.201391889242582067e+01 0.000000000000000000e+00 nan nan
1.007235358769627637e+05 3.625000000000000000e+01 -2.000000000000000000e+00 1.928143433641713855e+01 -1.029766426654532552e-04 -2.266624133278985198e+01 0.000000000000000000e+00 nan nan
1.007659544218180235e+05 3.600000000000000000e+01 -2.250000000000000000e+00 1.755926156054541920e+01 -1.289726933464407921e-04 -2.213034389490549358e+01 0.000000000000000000e+00 nan nan
1.008043247238032782e+05 3.025000000000000000e+01 -7.000000000000000000e+00 1.475043306960202294e+01 -1.065625110641121864e-04 -2.246164151225573846e+01 0.000000000000000000e+00 nan nan
1.009999604607602378e+05 4.325000000000000000e+01 -2.225000000000000000e+01 1.588514485871567672e+01 -8.573980449000373483e-05 -2.312338068076148545e+01 0.000000000000000000e+00 nan nan
1.005286921875238477e+05 3.500000000000000000e+01 -2.500000000000000000e-01 1.692178302733549700e+01 -2.111314097419381142e-04 -2.183072072675928155e+01 0.000000000000000000e+00 nan nan
1.006493474261059309e+05 3.025000000000000000e+01 -7.000000000000000000e+00 1.563799933507121764e+01 -9.303117985837161541e-05 -2.152767329383426897e+01 0.000000000000000000e+00 nan nan
1.006514595528207283e+05 3.000000000000000000e+01 -6.750000000000000000e+00 1.801204059256807355e+01 -7.309503416763618588e-05 -2.130852034799021055e+01 0.000000000000000000e+00 nan nan
1.009388847965910390e+05 3.000000000000000000e+01 -6.750000000000000000e+00 1.870640182566441467e+01 -8.581188012612983584e-05 -2.193002440534490916e+01 0.000000000000000000e+00 nan nan
1.004584639742572472e+05 3.625000000000000000e+01 -2.000000000000000000e+00 1.794044684960757507e+01 -8.121388964354991913e-05 -2.205672220216101209e+01 0.000000000000000000e+00 nan nan
1.005932880628843559e+05 3.400000000000000000e+01 -4.000000000000000000e+00 1.758542034341989435e+01 -1.132863981183618307e-04 -2.090360103789548418e+01 1.000000000000000000e+00 nan nan
1.008295822391009133e+05 3.000000000000000000e+01 -2.500000000000000000e-01 1.910163851625456388e+01 -1.003252909868024290e-04 -2.198566870800060258e+01 1.000000000000000000e+00 nan nan
1.011970922874734970e+05 3.000000000000000000e+01 -2.500000000000000000e-01 1.732944819393098967e+01 -1.238476397702470422e-04 -2.328945752253393664e+01 1.000000000000000000e+00 nan nan
1.007630502475851972e+05 3.400000000000000000e+01 -4.000000000000000000e+00 1.653831517120461214e+01 -6.167986430227756500e-05 -2.261059703013411593e+01 1.000000000000000000e+00 nan nan
1.007271440934338461e+05 3.425000000000000000e+01 -3.750000000000000000e+00 1.820850892821459865e+01 -9.166947711491957307e-05 -2.180075840994467740e+01 1.000000000000000000e+00 nan nan
1.009812153361665114e+05 3.225000000000000000e+01 -2.000000000000000000e+00 1.816927948001706383e+01 -1.339101290795952082e-04 -2.242226246729937600e+01 1.000000000000000000e+00 nan nan
1.012855375936551136e+05 3.375000000000000000e+01 -2.500000000000000000e-01 1.738763272468121102e+01 -1.064597308868542314e-04 -2.325949520571933249e+01 1.000000000000000000e+00 nan nan
1.006500514683442016e+05 3.625000000000000000e+01 -2.000000000000000000e+00 1.730917382828614137e+01 -9.322825644630938768e-05 -2.283916670411993266e+01 1.000000000000000000e+00 nan nan
1.007687705907710624e+05 3.425000000000000000e+01 -4.000000000000000000e+00 1.738567125227133303e+01 -9.441340807825326920e-05 -2.193430473631839561e+01 1.000000000000000000e+00 nan nan
1.008796572432972753e+05 3.025000000000000000e+01 0.000000000000000000e+00 1.588024117769098709e+01 -5.835276169818826020e-05 -2.284344703509346175e+01 1.000000000000000000e+00 nan nan
1.012080929474463337e+05 3.350000000000000000e+01 -5.000000000000000000e-01 1.781131076521457146e+01 -1.208248286275193095e-04 -2.359421708784836369e+01 1.000000000000000000e+00 nan nan
1.005559738242564927e+05 3.625000000000000000e+01 -2.000000000000000000e+00 2.063583103543698272e+01 -1.085486437659710646e-04 -2.318758564536423705e+01 1.000000000000000000e+00 nan nan
1.006306023015122191e+05 3.425000000000000000e+01 -3.750000000000000000e+00 1.907646046958502950e+01 -1.043551746988669038e-04 -2.197197164888535781e+01 1.000000000000000000e+00 nan nan
1.008757850109868305e+05 3.300000000000000000e+01 -1.500000000000000000e+00 1.963253789778506331e+01 -1.718379498925060034e-04 -2.257977864712479743e+01 1.000000000000000000e+00 nan nan
1.011999084564265358e+05 3.200000000000000000e+01 -7.500000000000000000e-01 1.897054095945168584e+01 -1.165073772426694632e-04 -2.284772736606699084e+01 1.000000000000000000e+00 nan nan
1.006262020375230786e+05 3.425000000000000000e+01 -3.750000000000000000e+00 2.143873289262262460e+01 -6.192579894559457898e-05 -2.301294814164472768e+01 1.000000000000000000e+00 nan nan
1.007101590744357818e+05 3.400000000000000000e+01 -4.000000000000000000e+00 2.266367241259060705e+01 -1.027852631523273885e-04 -2.247191430659218270e+01 1.000000000000000000e+00 nan nan
1.008739369001113955e+05 3.225000000000000000e+01 -2.000000000000000000e+00 1.857007949317798889e+01 -8.402936509810388088e-05 -2.269277938482565560e+01 1.000000000000000000e+00 nan nan
1.012099410583217687e+05 3.000000000000000000e+01 -2.500000000000000000e-01 1.934780330369408929e+01 -7.625848957104608417e-05 -2.274071909172904782e+01 1.000000000000000000e+00 nan nan
1.005979523427128297e+05 3.400000000000000000e+01 -4.000000000000000000e+00 2.305302468595112586e+01 -6.954959826543927193e-05 -2.294874317704197608e+01 1.000000000000000000e+00 nan nan
1.005442691220453853e+05 3.600000000000000000e+01 -2.250000000000000000e+00 2.168980136108683965e+01 -1.009175466606393456e-04 -2.181959186622815139e+01 0.000000000000000000e+00 nan nan
1.001522936058932246e+05 8.825000000000000000e+01 -7.750000000000000000e+00 1.995389827834597796e+01 -1.783837506081908941e-04 -2.118952714692643724e+01 1.000000000000000000e+00 nan nan
1.002214657558024192e+05 8.725000000000000000e+01 -8.000000000000000000e+00 1.991074588532869427e+01 -1.940236397786065936e-04 -2.073495599753891838e+01 1.000000000000000000e+00 nan nan
1.002544677357209439e+05 8.800000000000000000e+01 -8.500000000000000000e+00 1.755141567090591082e+01 -1.439661427866667509e-04 -2.073067566656538929e+01 1.000000000000000000e+00 nan nan
1.004229098412250314e+05 8.775000000000000000e+01 -9.250000000000000000e+00 1.686588106365401529e+01 -1.374441344523802400e-04 -2.081200195506220041e+01 1.000000000000000000e+00 nan nan
1.001988483988982771e+05 8.600000000000000000e+01 -9.500000000000000000e+00 1.974924550617272700e+01 -1.362635375699028373e-04 -2.072382713700775980e+01 1.000000000000000000e+00 nan nan
1.002234898772374290e+05 8.550000000000000000e+01 -9.500000000000000000e+00 1.925103151406404933e+01 -1.218583347508683801e-04 -2.071697860745013031e+01 1.000000000000000000e+00 nan nan
1.001141873197473033e+05 8.475000000000000000e+01 -1.025000000000000000e+01 1.978553274575544307e+01 -1.426305680070072412e-04 -2.063222805417450445e+01 1.000000000000000000e+00 nan nan
1.002718927811179165e+05 8.400000000000000000e+01 -1.000000000000000000e+01 2.096928134511601982e+01 -1.670949277468025684e-04 -2.067931169488316812e+01 1.000000000000000000e+00 nan nan
9.999951644019044761e+04 8.300000000000000000e+01 -1.075000000000000000e+01 2.087414993323699974e+01 -2.257795131299644709e-04 -2.039680985063105823e+01 1.000000000000000000e+00 nan nan
1.000392068213724415e+05 8.250000000000000000e+01 -1.100000000000000000e+01 2.067211827501970234e+01 -2.164168981835246086e-04 -2.003811811505032381e+01 1.000000000000000000e+00 nan nan
9.982808215517373173e+04 8.200000000000000000e+01 -1.125000000000000000e+01 2.060542821308389705e+01 -2.263480128021910787e-04 -1.980184384531216324e+01 1.000000000000000000e+00 nan nan
9.977052670219584252e+04 8.125000000000000000e+01 -1.125000000000000000e+01 2.386147241347917358e+01 -2.940085832960903645e-04 -1.980269991150686337e+01 1.000000000000000000e+00 nan nan
9.941797755138632783e+04 8.100000000000000000e+01 -1.175000000000000000e+01 2.481769021329405334e+01 -3.250710433349013329e-04 -1.976332086655051512e+01 1.000000000000000000e+00 nan nan
9.938559160842630081e+04 8.050000000000000000e+01 -1.225000000000000000e+01 2.725481968256582022e+01 -3.751614131033420563e-04 -1.919403684707270941e+01 1.000000000000000000e+00 nan nan
9.901984166564937914e+04 8.000000000000000000e+01 -1.275000000000000000e+01 2.756146902005265886e+01 -4.410321707837283611e-04 -1.872833683715406039e+01 1.000000000000000000e+00 nan nan
9.911911162124425755e+04 7.975000000000000000e+01 -1.325000000000000000e+01 3.060599529484011683e+01 -4.088079440407454967e-04 -1.874460209485341977e+01 1.000000000000000000e+00 nan nan
9.862364189606763830e+04 8.000000000000000000e+01 -1.350000000000000000e+01 3.030883222474381000e+01 -4.940182552672922611e-04 -1.856739639254982421e+01 1.000000000000000000e+00 nan nan
9.863314646628416085e+04 8.000000000000000000e+01 -1.375000000000000000e+01 3.177895579594637354e+01 -4.849511606153100729e-04 -1.760346585731373636e+01 1.000000000000000000e+00 nan nan
9.802943024697480723e+04 8.025000000000000000e+01 -1.450000000000000000e+01 3.494084932066756721e+01 -5.723600625060498714e-04 -1.634761674968382295e+01 1.000000000000000000e+00 nan nan
9.871155917057055922e+04 8.050000000000000000e+01 -1.475000000000000000e+01 3.024508437142281281e+01 -4.918589256703853607e-04 -1.826092469484599690e+01 1.000000000000000000e+00 nan nan
9.790050251209315320e+04 8.125000000000000000e+01 -1.525000000000000000e+01 3.541748711626760127e+01 -6.296387873589992523e-04 -1.582284817233060892e+01 1.000000000000000000e+00 nan nan
9.882728611348482082e+04 8.100000000000000000e+01 -1.575000000000000000e+01 2.902897147729927596e+01 -3.952320257667452097e-04 -1.856140392918690907e+01 1.000000000000000000e+00 nan nan
9.889346608388140157e+04 8.100000000000000000e+01 -1.650000000000000000e+01 3.133762450372411834e+01 -4.643507418222725391e-04 -1.797071825484154317e+01 1.000000000000000000e+00 nan nan
9.896131815459387144e+04 8.075000000000000000e+01 -1.675000000000000000e+01 3.430925520468728251e+01 -3.991036501247435808e-04 -1.773358791890868247e+01 1.000000000000000000e+00 nan nan
9.877061071330474806e+04 8.100000000000000000e+01 -1.725000000000000000e+01 2.853664190242022869e+01 -4.559168010018765926e-04 -1.734065353553978639e+01 1.000000000000000000e+00 nan nan
9.935390970770451531e+04 8.075000000000000000e+01 -1.775000000000000000e+01 2.746273575801274802e+01 -3.392620710656046867e-04 -1.981554090442742222e+01 1.000000000000000000e+00 nan nan
9.933296445111623325e+04 8.050000000000000000e+01 -1.800000000000000000e+01 2.406350407169647099e+01 -2.917713136412203312e-04 -1.935326515928755953e+01 1.000000000000000000e+00 nan nan
9.958958784696260409e+04 8.000000000000000000e+01 -1.850000000000000000e+01 2.732543268932137792e+01 -3.621140785980969667e-04 -1.905706625592017645e+01 1.000000000000000000e+00 nan nan
9.920500477431218314e+04 7.975000000000000000e+01 -1.900000000000000000e+01 3.003716829597588145e+01 -3.386831667739897966e-04 -1.914609714016933140e+01 1.000000000000000000e+00 nan nan
9.936702249439214938e+04 7.900000000000000000e+01 -1.925000000000000000e+01 2.903779810314371446e+01 -4.205823352094739676e-04 -1.913411221344350110e+01 1.000000000000000000e+00 nan nan
9.929503417552988685e+04 7.850000000000000000e+01 -1.975000000000000000e+01 3.028235234721047320e+01 -3.684453258756548166e-04 -1.887129989166952271e+01 1.000000000000000000e+00 nan nan
9.932037969610730943e+04 7.800000000000000000e+01 -2.050000000000000000e+01 3.215359702623281635e+01 -3.940481983590871096e-04 -1.776783056669681571e+01 1.000000000000000000e+00 nan nan
9.910652686623533373e+04 7.750000000000000000e+01 -2.100000000000000000e+01 3.044711602964010311e+01 -3.493984986562281847e-04 -1.988317013380898857e+01 1.000000000000000000e+00 nan nan
9.931633145323730423e+04 7.750000000000000000e+01 -2.150000000000000000e+01 2.664872470791393155e+01 -3.809143090620636940e-04 -2.017423264000815664e+01 1.000000000000000000e+00 nan nan
9.954435313315429084e+04 7.775000000000000000e+01 -2.250000000000000000e+01 2.437047450384216774e+01 -3.642048104666173458e-04 -2.130252788462728120e+01 0.000000000000000000e+00 nan nan
9.966052010246746067e+04 7.875000000000000000e+01 -2.400000000000000000e+01 2.475492309617800046e+01 -3.380019334144890308e-04 -2.028124091434608545e+01 0.000000000000000000e+00 nan nan
